01001000001
01001000002
01001000003
01001000004
01001000005
01002000001
01002000002
01002000003
01002000004
01002000005
01003000001
01003000002
01003000003
01003000004
01003000005
01004000001
01004000002
01004000003
01004000004
01004000005
01005000001
01005000002
01005000003
01005000004
01005000005
02001000001
02001000002
02001000003
02001000004
02001000005
02002000001
02002000002
02002000003
02002000004
02002000005
02003000001
02003000002
02003000003
02003000004
02003000005
02004000001
02004000002
02004000003
02004000004
02004000005
02005000001
02005000002
02005000003
02005000004
02005000005
03001000001
03001000002
03001000003
03001000004
03001000005
03002000001
03002000002
03002000003
03002000004
03002000005
03003000001
03003000002
03003000003
03003000004
03003000005
03004000001
03004000002
03004000003
03004000004
03004000005
03005000001
03005000002
03005000003
03005000004
03005000005
04001000001
04001000002
04001000003
04001000004
04001000005
04002000001
04002000002
04002000003
04002000004
04002000005
04003000001
04003000002
04003000003
04003000004
04003000005
04004000001
04004000002
04004000003
04004000004
04004000005
04005000001
04005000002
04005000003
04005000004
04005000005
05001000001
05001000002
05001000003
05001000004
05001000005
05002000001
05002000002
05002000003
05002000004
05002000005
05003000001
05003000002
05003000003
05003000004
05003000005
05004000001
05004000002
05004000003
05004000004
05004000005
05005000001
05005000002
05005000003
05005000004
05005000005
